2865000000	3.96500000	3.88200000
2865001000	3.76700000	3.72100000
2865002000	3.58900000	3.48100000
2865003000	4.11900000	4.12700000
2865004000	3.66100000	3.48500000
2865005000	3.78200000	3.72000000
2865006000	4.15100000	4.07500000
2865007000	3.68100000	3.67200000
2865008000	3.74200000	3.68600000
2865009000	3.82700000	3.80100000
2865010000	3.56400000	3.39900000
2865011000	3.19900000	3.25700000
2865012000	3.44200000	3.41500000
2865013000	3.61000000	3.47600000
2865014000	3.55300000	3.52800000
2865015000	2.98600000	3.00500000
2865016000	3.49900000	3.51100000
2865017000	3.23800000	3.22500000
2865018000	4.06500000	4.03700000
2865019000	3.72500000	3.73700000
2865020000	3.94900000	3.76100000
2865021000	4.40800000	4.38900000
2865022000	4.24100000	4.20100000
2865023000	3.05700000	3.03900000
2865024000	3.65200000	3.55200000
2865025000	3.78700000	3.79700000
2865026000	4.14800000	4.01000000
2865027000	4.22500000	4.34700000
2865028000	4.42600000	4.36700000
2865029000	3.72800000	3.73400000
2865030000	4.86600000	4.76600000
2865031000	4.02900000	3.95100000
2865032000	3.85000000	3.83100000
2865033000	3.83400000	3.73400000
2865034000	3.81700000	3.74600000
2865035000	3.06200000	3.08000000
2865036000	2.57500000	2.50300000
2865037000	1.81400000	1.81400000
2865038000	1.40600000	1.36000000
2865039000	1.84400000	1.85800000
2865040000	2.26700000	2.36200000
2865041000	2.63600000	2.69600000
2865042000	2.99500000	3.17200000
2865043000	3.55600000	3.53300000
2865044000	3.30200000	3.25300000
2865045000	3.84500000	3.76200000
2865046000	3.89700000	3.98600000
2865047000	4.63100000	4.63500000
2865048000	4.43100000	4.50500000
2865049000	4.18400000	4.16800000
2865050000	3.05600000	3.12000000
2865051000	2.85900000	2.76500000
2865052000	2.45800000	2.34100000
2865053000	2.67800000	2.69100000
2865054000	3.46700000	3.36200000
2865055000	4.03800000	4.09400000
2865056000	4.27400000	4.37000000
2865057000	4.24500000	4.33600000
2865058000	4.74800000	4.90500000
2865059000	4.38800000	4.42400000
2865060000	4.79900000	4.97000000
2865061000	4.74400000	4.70100000
2865062000	3.90400000	3.95400000
2865063000	4.64700000	4.82500000
2865064000	4.58400000	4.46700000
2865065000	4.81800000	4.77800000
2865066000	4.83000000	4.66600000
2865067000	4.67200000	4.79800000
2865068000	4.07600000	3.94900000
2865069000	3.88500000	3.89000000
2865070000	4.17100000	4.02300000
2865071000	4.58700000	4.35700000
2865072000	4.57700000	4.68600000
2865073000	4.17800000	4.20000000
2865074000	4.43900000	4.55200000
2865075000	4.44000000	4.35400000
2865076000	5.00000000	5.08300000
2865077000	4.25500000	4.08100000
2865078000	5.10800000	5.14000000
2865079000	4.34800000	4.54900000
2865080000	4.14400000	4.08400000
2865081000	4.92500000	4.78800000
2865082000	4.36100000	4.38500000
2865083000	4.29700000	4.35300000
2865084000	3.55000000	3.70900000
2865085000	4.33400000	4.14600000
2865086000	4.21300000	4.18800000
2865087000	3.54600000	3.56900000
2865088000	3.37200000	3.42700000
2865089000	3.11200000	3.05600000
2865090000	3.23500000	3.28400000
2865091000	3.59600000	3.50100000
2865092000	2.91800000	3.07700000
2865093000	3.21500000	3.35100000
2865094000	3.70400000	3.60000000
2865095000	3.08700000	3.12600000
2865096000	3.61800000	3.66000000
2865097000	4.02600000	4.06400000
2865098000	3.92700000	3.81700000
2865099000	4.12200000	4.14200000
2865100000	4.09300000	4.05300000
2865101000	4.38700000	4.35500000
2865102000	4.21100000	4.43300000
2865103000	4.05900000	4.14400000
2865104000	4.23900000	4.22400000
2865105000	3.75100000	3.80100000
2865106000	5.00200000	5.06800000
2865107000	5.29600000	5.23700000
2865108000	4.79900000	4.68900000
2865109000	4.76300000	4.79100000
2865110000	4.73600000	4.86100000
2865111000	3.97300000	4.08700000
2865112000	5.45600000	5.64800000
2865113000	4.77700000	4.84500000
2865114000	4.91200000	4.95300000
2865115000	4.73000000	4.71700000
2865116000	4.91400000	5.00900000
2865117000	4.72400000	4.91900000
2865118000	5.46700000	5.16400000
2865119000	3.88600000	3.86900000
2865120000	4.31000000	4.31500000
2865121000	4.43700000	4.34500000
2865122000	4.22700000	4.38000000
2865123000	4.37400000	4.35600000
2865124000	5.05700000	5.26300000
2865125000	5.14500000	5.12600000
2865126000	4.73600000	4.68400000
2865127000	4.78400000	4.93900000
2865128000	4.99900000	5.10200000
2865129000	4.65700000	4.67800000
2865130000	4.81000000	4.93400000
2865131000	4.95800000	4.98700000
2865132000	5.11100000	5.16400000
2865133000	4.07600000	3.97800000
2865134000	4.65100000	4.67600000
2865135000	4.29300000	4.32100000
2865136000	4.25900000	4.35500000
2865137000	4.12600000	4.07700000
2865138000	2.90300000	2.94200000
2865139000	1.28900000	1.28900000
2865140000	0.67000000	0.67400000
2865141000	4.93300000	4.94200000
2865142000	4.37900000	4.42100000
2865143000	4.19200000	4.08700000
2865144000	4.28300000	4.30600000
2865145000	4.98000000	4.75200000
2865146000	5.21800000	5.26500000
2865147000	5.33400000	5.24000000
2865148000	4.76700000	4.90500000
2865149000	5.67400000	5.44800000
2865150000	5.40900000	5.42300000
2865151000	5.41100000	5.40000000
2865152000	5.15900000	5.14000000
2865153000	4.43700000	4.44700000
2865154000	4.20300000	4.02100000
2865155000	4.37100000	4.39400000
2865156000	3.74400000	3.81700000
2865157000	4.73900000	4.60700000
2865158000	4.18300000	4.22000000
2865159000	4.25400000	4.26800000
2865160000	4.26200000	4.26700000
2865161000	4.36700000	4.25700000
2865162000	3.73500000	3.75500000
2865163000	4.40900000	4.34500000
2865164000	3.91400000	3.87300000
2865165000	4.15400000	4.17100000
2865166000	4.04700000	3.97000000
2865167000	4.54900000	4.47400000
2865168000	4.09800000	4.15400000
2865169000	3.96500000	3.95500000
2865170000	3.42500000	3.35300000
2865171000	2.68700000	2.69500000
2865172000	2.98900000	2.99200000
2865173000	2.47500000	2.50800000
2865174000	1.75200000	1.80400000
2865175000	1.81000000	1.74500000
2865176000	1.51100000	1.49800000
2865177000	1.55800000	1.66200000
2865178000	1.75300000	1.70100000
2865179000	1.57000000	1.54600000
2865180000	1.40900000	1.44000000
2865181000	1.71900000	1.78600000
2865182000	1.68700000	1.65500000
2865183000	1.63800000	1.67000000
2865184000	1.78200000	1.81500000
2865185000	1.60900000	1.69900000
2865186000	1.30800000	1.34000000
2865187000	2.16700000	2.10100000
2865188000	1.82200000	1.82400000
2865189000	1.83900000	1.80000000
2865190000	1.59900000	1.59400000
2865191000	1.80300000	1.82700000
2865192000	1.80000000	1.78700000
2865193000	2.38400000	2.41400000
2865194000	2.36200000	2.28900000
2865195000	2.61700000	2.59200000
2865196000	3.09600000	2.87200000
2865197000	2.83400000	3.03100000
2865198000	2.62400000	2.63900000
2865199000	3.23100000	3.12700000
2865200000	3.22900000	3.17700000
2865201000	3.08100000	3.06600000
2865202000	3.49200000	3.57600000
2865203000	3.88900000	3.98600000
2865204000	3.28000000	3.35200000
2865205000	3.14700000	3.20600000
2865206000	3.43700000	3.54900000
2865207000	4.17800000	4.06200000
2865208000	3.77600000	3.89000000
2865209000	3.77300000	3.79500000
2865210000	4.03300000	4.08000000
2865211000	3.80200000	3.92200000
2865212000	4.15800000	4.09300000
2865213000	4.29900000	4.31800000
2865214000	4.52800000	4.52600000
2865215000	4.32800000	4.10500000
2865216000	4.54000000	4.37900000
2865217000	3.93300000	4.06400000
2865218000	5.10800000	4.98600000
2865219000	4.22600000	4.42100000
2865220000	3.98300000	3.95900000
2865221000	3.92600000	3.84500000
2865222000	4.09700000	4.21800000
2865223000	3.33200000	3.26200000
2865224000	3.93200000	3.91800000
2865225000	3.88500000	3.97300000
2865226000	4.25100000	4.22500000
2865227000	3.89900000	3.88700000
2865228000	3.52500000	3.48300000
2865229000	3.90100000	3.90300000
2865230000	4.17500000	4.36000000
2865231000	4.28700000	4.14100000
2865232000	4.30100000	4.32500000
2865233000	3.78400000	3.75300000
2865234000	4.32600000	4.28300000
2865235000	3.76800000	3.78600000
2865236000	4.40400000	4.49200000
2865237000	3.25900000	3.37700000
2865238000	3.74300000	3.44100000
2865239000	3.94100000	3.93800000
2865240000	3.92500000	3.83800000
2865241000	3.37300000	3.41300000
2865242000	4.21300000	4.27500000
2865243000	4.47200000	4.51500000
2865244000	4.10400000	4.12400000
2865245000	3.77900000	3.83700000
2865246000	6.06600000	5.92400000
2865247000	6.44900000	6.43200000
2865248000	7.39000000	7.35700000
2865249000	8.11600000	8.11600000
2865250000	7.86000000	8.08300000
2865251000	6.95700000	7.04800000
2865252000	7.95200000	7.92000000
2865253000	9.36700000	9.28700000
2865254000	7.51200000	7.66100000
2865255000	8.87100000	9.00300000
2865256000	8.18200000	8.21200000
2865257000	8.04700000	7.93700000
2865258000	9.74000000	10.03600000
2865259000	7.41600000	7.55400000
2865260000	8.64800000	8.59700000
2865261000	8.67800000	8.83000000
2865262000	7.09700000	7.25700000
2865263000	7.19700000	7.13400000
2865264000	7.30900000	7.16300000
2865265000	7.45900000	7.39200000
2865266000	6.10400000	6.22600000
2865267000	6.94000000	6.87000000
2865268000	8.17400000	7.93500000
2865269000	6.81700000	6.63300000
2865270000	7.01100000	7.11500000
2865271000	7.93000000	7.87800000
2865272000	8.00600000	7.95800000
2865273000	8.10300000	8.21300000
2865274000	7.36400000	7.41100000
2865275000	6.55000000	6.47100000
2865276000	7.02900000	7.04100000
2865277000	7.12100000	7.11200000
2865278000	5.54200000	5.35100000
2865279000	8.42500000	8.51400000
2865280000	8.40400000	8.23900000
2865281000	8.32800000	8.52200000
2865282000	7.61400000	7.60600000
2865283000	7.05200000	7.31300000
2865284000	8.34400000	8.49700000
2865285000	6.70000000	6.87400000
2865286000	5.99300000	6.11200000
2865287000	7.54800000	7.45800000
2865288000	6.15500000	6.06000000
2865289000	7.11000000	7.07900000
2865290000	4.82500000	4.82000000
2865291000	1.77400000	1.85900000
2865292000	0.10200000	0.13100000
2865293000	0.09900000	0.10700000
2865294000	1.76700000	1.81000000
2865295000	4.84200000	4.81200000
2865296000	4.86700000	4.88000000
2865297000	5.37100000	5.31400000
2865298000	5.65400000	5.59200000
2865299000	6.23100000	6.25600000
2865300000	6.83600000	6.94200000
2865301000	6.43300000	6.42000000
2865302000	6.51000000	6.72500000
2865303000	6.64700000	6.55100000
2865304000	7.04800000	6.87100000
2865305000	7.38300000	7.31700000
2865306000	8.91300000	8.92100000
2865307000	7.59200000	7.60700000
2865308000	6.04900000	6.23700000
2865309000	6.73800000	6.77300000
2865310000	7.92300000	7.73400000
2865311000	7.08500000	6.94500000
2865312000	6.77300000	6.85900000
2865313000	6.17100000	6.17800000
2865314000	7.55400000	7.43100000
2865315000	7.70000000	7.56000000
2865316000	8.26500000	8.22700000
2865317000	7.57500000	7.44700000
2865318000	7.89200000	7.78200000
2865319000	7.07800000	6.96900000
2865320000	7.97600000	7.95100000
2865321000	7.22400000	7.20100000
2865322000	7.76100000	7.76100000
2865323000	8.62700000	8.84400000
2865324000	7.44400000	7.43100000
2865325000	7.25300000	7.14600000
2865326000	7.68200000	7.77300000
2865327000	8.78200000	8.74500000
2865328000	6.93300000	6.80600000
2865329000	7.08900000	7.28100000
2865330000	5.69900000	5.82600000
2865331000	7.01700000	7.00600000
2865332000	5.89600000	5.74500000
2865333000	7.19500000	7.33300000
2865334000	7.51600000	7.59300000
2865335000	6.87300000	6.87200000
2865336000	7.30800000	7.43000000
2865337000	7.56700000	7.45600000
2865338000	6.88200000	6.89400000
2865339000	7.42500000	7.17800000
2865340000	7.87300000	7.61700000
2865341000	6.30300000	6.30800000
2865342000	7.55100000	7.60800000
2865343000	7.22000000	7.30800000
2865344000	7.55600000	7.47900000
2865345000	7.43600000	7.35900000
2865346000	7.34700000	7.51800000
2865347000	7.48300000	7.50600000
2865348000	7.89000000	7.66500000
2865349000	7.32200000	7.35800000
2865350000	7.92400000	7.85900000
2865351000	7.11200000	6.96900000
2865352000	6.88300000	6.77400000
2865353000	6.83500000	6.77900000
2865354000	7.36300000	7.54300000
2865355000	8.14300000	8.12500000
2865356000	6.49300000	6.30200000
2865357000	7.87900000	7.90000000
2865358000	6.63100000	6.52400000
2865359000	7.07100000	7.02400000
2865360000	7.15200000	7.01000000
