2850000000	7.68500000	7.67500000
2850005000	6.48700000	6.32000000
2850010000	7.74600000	7.84600000
2850015000	7.31500000	7.33700000
2850020000	5.88000000	6.14300000
2850025000	7.20600000	7.19400000
2850030000	7.38200000	7.28100000
2850035000	6.81300000	6.66200000
2850040000	8.06800000	7.88800000
2850045000	7.19100000	7.29400000
2850050000	6.90700000	6.83100000
2850055000	7.35500000	7.11000000
2850060000	6.59600000	6.83200000
2850065000	7.78800000	7.80700000
2850070000	7.73200000	7.63100000
2850075000	7.59700000	7.63800000
2850080000	7.00600000	7.19400000
2850085000	6.13400000	6.22000000
2850090000	6.81900000	6.84900000
2850095000	7.45500000	7.64200000
2850100000	6.35700000	6.06900000
2850105000	7.06400000	7.03600000
2850110000	6.74900000	6.59400000
2850115000	6.67700000	6.71100000
2850120000	7.42600000	7.31200000
2850125000	6.38200000	6.33700000
2850130000	7.92300000	8.13700000
2850135000	7.91700000	7.98900000
2850140000	6.79900000	6.94700000
2850145000	6.75600000	6.74300000
2850150000	7.89400000	7.90200000
2850155000	6.94600000	6.97500000
2850160000	7.36100000	7.41700000
2850165000	8.09000000	8.16000000
2850170000	6.74400000	6.73200000
2850175000	6.67200000	6.70400000
2850180000	7.07400000	6.89700000
2850185000	7.62500000	7.45700000
2850190000	6.60000000	6.51000000
2850195000	6.28600000	6.36000000
2850200000	6.14700000	5.98200000
2850205000	6.27600000	6.26200000
2850210000	5.60300000	5.51600000
2850215000	6.41700000	6.33200000
2850220000	6.40300000	6.32900000
2850225000	6.75700000	6.99300000
2850230000	6.61900000	6.50000000
2850235000	6.42500000	6.29400000
2850240000	6.70500000	6.71100000
2850245000	6.75200000	6.63100000
2850250000	6.43600000	6.54600000
2850255000	6.70000000	6.66900000
2850260000	6.40500000	6.45900000
2850265000	6.65500000	6.72500000
2850270000	6.23200000	6.13100000
2850275000	6.88800000	6.77300000
2850280000	6.71000000	6.68800000
2850285000	6.25000000	6.12700000
2850290000	7.00200000	7.11800000
2850295000	5.82200000	5.83000000
2850300000	6.55000000	6.65200000
2850305000	6.53700000	6.54100000
2850310000	7.44000000	7.43100000
2850315000	7.50900000	7.61300000
2850320000	7.35100000	7.39000000
2850325000	7.57300000	7.76500000
2850330000	7.21800000	7.21500000
2850335000	5.66500000	5.52300000
2850340000	7.48100000	7.36800000
2850345000	6.68000000	6.60400000
2850350000	6.71000000	6.76100000
2850355000	7.17800000	7.07100000
2850360000	6.85400000	7.04800000
2850365000	8.02800000	8.10700000
2850370000	7.38300000	7.33800000
2850375000	7.16400000	7.16000000
2850380000	6.98400000	6.95700000
2850385000	7.69600000	7.65600000
2850390000	8.72800000	8.60300000
2850395000	7.26600000	7.47500000
2850400000	7.58600000	7.61000000
2850405000	6.79200000	6.83800000
2850410000	7.15800000	6.98400000
2850415000	7.07900000	6.93600000
2850420000	7.70600000	7.51500000
2850425000	7.02500000	7.01200000
2850430000	7.41000000	7.79400000
2850435000	7.33900000	7.36700000
2850440000	7.20200000	6.98300000
2850445000	6.35500000	6.29600000
2850450000	6.93500000	6.99700000
2850455000	7.10100000	7.30600000
2850460000	7.30600000	7.44300000
2850465000	7.97100000	8.01500000
2850470000	7.89700000	7.61800000
2850475000	7.40700000	7.61000000
2850480000	6.32400000	6.13900000
2850485000	7.08100000	7.03800000
2850490000	5.35600000	5.33400000
2850495000	6.19500000	6.01900000
2850500000	6.58100000	6.77400000
2850505000	6.39900000	6.36100000
2850510000	7.92700000	8.07900000
2850515000	8.30900000	8.17600000
2850520000	7.06400000	6.97900000
2850525000	7.03100000	7.04400000
2850530000	6.84300000	6.88800000
2850535000	6.08600000	6.04900000
2850540000	7.34200000	7.48600000
2850545000	7.51300000	7.54000000
2850550000	7.19900000	7.21700000
2850555000	7.27900000	7.26800000
2850560000	7.22000000	7.16700000
2850565000	6.50600000	6.42000000
2850570000	6.40800000	6.34200000
2850575000	6.68200000	6.51700000
2850580000	7.48200000	7.41200000
2850585000	7.01600000	6.96000000
2850590000	7.13200000	7.11500000
2850595000	7.22700000	7.13000000
2850600000	7.20500000	7.11800000
2850605000	6.50800000	6.45800000
2850610000	6.27300000	6.33200000
2850615000	6.33800000	6.07400000
2850620000	5.50300000	5.60800000
2850625000	5.70200000	5.70700000
2850630000	5.84500000	5.91800000
2850635000	5.11000000	5.17400000
2850640000	5.37900000	5.27100000
2850645000	6.56500000	6.44500000
2850650000	5.61700000	5.66400000
2850655000	5.16200000	5.00100000
2850660000	5.99000000	5.93000000
2850665000	5.02800000	5.03500000
2850670000	4.62100000	4.76500000
2850675000	5.13700000	4.98200000
2850680000	5.22000000	5.18800000
2850685000	5.12400000	5.09900000
2850690000	4.83000000	4.77300000
2850695000	4.66900000	4.50200000
2850700000	4.47900000	4.65500000
2850705000	4.81000000	4.87200000
2850710000	5.53400000	5.56700000
2850715000	6.31500000	6.45300000
2850720000	5.85900000	5.68800000
2850725000	7.89000000	7.95100000
2850730000	7.79400000	7.69100000
2850735000	7.87300000	7.69700000
2850740000	8.02500000	8.16200000
2850745000	9.38300000	9.53300000
2850750000	9.27900000	9.48900000
2850755000	9.70700000	9.80800000
2850760000	9.51700000	9.54000000
2850765000	10.23600000	9.99500000
2850770000	10.93200000	11.06000000
2850775000	12.16100000	12.10400000
2850780000	11.96400000	11.83700000
2850785000	10.46600000	10.50500000
2850790000	11.44700000	11.62400000
2850795000	12.77400000	12.97800000
2850800000	10.91700000	11.08100000
2850805000	12.21500000	12.35700000
2850810000	13.79500000	13.59800000
2850815000	16.14300000	16.07200000
2850820000	14.41400000	14.34100000
2850825000	13.44500000	13.48700000
2850830000	13.42400000	13.24700000
2850835000	12.64200000	12.79600000
2850840000	13.62000000	13.88300000
2850845000	11.83300000	11.91100000
2850850000	12.19400000	12.28000000
2850855000	10.58800000	10.68600000
2850860000	10.71900000	10.93900000
2850865000	12.74000000	12.81200000
2850870000	11.50800000	11.70200000
2850875000	12.20400000	12.07200000
2850880000	12.97300000	12.78500000
2850885000	14.77300000	14.70700000
2850890000	12.40200000	12.22000000
2850895000	10.38000000	10.11000000
2850900000	10.50200000	10.44300000
2850905000	15.02900000	15.03400000
2850910000	12.87900000	12.94400000
2850915000	13.55200000	13.53200000
2850920000	13.05600000	13.11700000
2850925000	13.07100000	12.99600000
2850930000	14.03900000	14.14900000
2850935000	13.42800000	13.25000000
2850940000	11.44100000	11.30700000
2850945000	13.90400000	13.67000000
2850950000	12.74300000	12.70600000
2850955000	11.81200000	11.97600000
2850960000	15.25800000	15.17200000
2850965000	13.04900000	13.25600000
2850970000	12.36200000	12.31700000
2850975000	12.95300000	12.89600000
2850980000	12.76200000	12.79900000
2850985000	12.28100000	12.21700000
2850990000	11.37200000	11.51600000
2850995000	11.73900000	12.01600000
2851000000	12.87200000	13.06400000
2851005000	11.57200000	11.65300000
2851010000	11.82500000	12.07000000
2851015000	12.59900000	12.63800000
2851020000	12.83000000	12.91000000
2851025000	11.06400000	10.93200000
2851030000	10.32100000	10.31500000
2851035000	10.42200000	10.15400000
2851040000	8.74100000	8.81200000
2851045000	10.94000000	11.13600000
2851050000	11.76000000	11.57100000
2851055000	10.46400000	10.50600000
2851060000	11.23600000	11.44600000
2851065000	11.81400000	11.94800000
2851070000	10.96800000	10.91900000
2851075000	11.84600000	11.97700000
2851080000	13.24300000	13.10400000
2851085000	13.08900000	13.05900000
2851090000	12.36100000	12.30800000
2851095000	11.55200000	11.63600000
2851100000	12.71900000	12.70400000
2851105000	12.80700000	12.71200000
2851110000	16.63200000	16.45900000
2851115000	14.66200000	14.32500000
2851120000	12.71200000	12.75900000
2851125000	13.61800000	13.47300000
2851130000	12.02600000	11.92100000
2851135000	13.45700000	13.58000000
2851140000	14.64700000	14.90200000
2851145000	13.20300000	13.16300000
2851150000	14.75000000	14.60700000
2851155000	13.40500000	13.44400000
2851160000	14.12100000	13.87100000
2851165000	13.67500000	13.51200000
2851170000	13.41200000	13.43800000
2851175000	13.74400000	13.49700000
2851180000	11.62500000	11.67200000
2851185000	12.35700000	12.28000000
2851190000	13.22200000	13.42300000
2851195000	15.32400000	15.51500000
2851200000	12.27400000	12.02600000
2851205000	12.84200000	12.91400000
2851210000	12.06600000	12.09600000
2851215000	12.92200000	12.59400000
2851220000	12.35600000	12.40900000
2851225000	13.13400000	13.10900000
2851230000	11.18600000	11.30400000
2851235000	0.09800000	0.12100000
2851240000	0.13700000	0.12500000
2851245000	5.58700000	5.68600000
2851250000	15.86300000	15.84300000
2851255000	17.16700000	17.15200000
2851260000	15.82500000	15.81900000
2851265000	13.94200000	13.89700000
2851270000	13.47800000	13.61300000
2851275000	18.06800000	18.45300000
2851280000	17.39800000	17.01700000
2851285000	15.19700000	15.30700000
2851290000	16.03600000	15.93500000
2851295000	14.46800000	14.54900000
2851300000	15.97100000	16.03300000
2851305000	16.25300000	16.04900000
2851310000	17.50400000	17.45400000
2851315000	13.33000000	13.32800000
2851320000	14.51000000	14.43100000
2851325000	17.11000000	17.04900000
2851330000	16.62200000	16.48700000
2851335000	14.83600000	14.74100000
2851340000	15.16700000	15.10500000
2851345000	14.55200000	14.51900000
2851350000	15.39100000	15.26100000
2851355000	13.98300000	13.90700000
2851360000	15.85300000	16.25800000
2851365000	15.22800000	15.12300000
2851370000	17.10500000	17.11400000
2851375000	16.49200000	16.63200000
2851380000	18.42200000	18.17500000
