10	2.40884627	2.40878330
60	2.45450703	2.45450004
110	2.46447337	2.46462380
160	2.43351828	2.43356933
210	2.48369898	2.48373926
260	2.35025778	2.35030705
310	2.38387293	2.38390271
360	2.35436016	2.35429013
410	2.29196856	2.29201622
460	2.31572675	2.31569855
510	2.25433335	2.25432667
560	2.28489072	2.28477039
610	2.25499201	2.25495253
660	2.27538376	2.27538102
710	2.17771365	2.17765992
760	2.24346802	2.24351278
810	2.18190995	2.18186793
860	2.12701090	2.12696472
910	2.09254311	2.09256760
960	2.13677775	2.13678143
1010	2.11150864	2.11154596
1060	2.06956000	2.06953960
1110	2.02124371	2.02126018
1160	2.04966382	2.04967955
1210	2.05197112	2.05196525
1260	2.00733125	2.00735213
1310	2.00410816	2.00409092
1360	2.03203392	2.03206460
1410	1.92937332	1.92936862
1460	1.91810682	1.91812103
1510	1.92287829	1.92287481
1560	1.93697331	1.93695191
1610	1.94262915	1.94262883
1660	1.89747001	1.89740688
1710	1.82059492	1.82056975
1760	1.86702665	1.86701763
1810	1.70222337	1.70229846
1860	1.80244107	1.80242969
1910	1.81907702	1.81909858
1960	1.84098823	1.84094086
2010	1.79452792	1.79449498
2060	1.72502609	1.72502715
2110	1.75707125	1.75708594
2160	1.66040171	1.66040261
2210	1.75991852	1.76008439
2260	1.76132446	1.76127084
2310	1.72521832	1.72522418
2360	1.66559475	1.66559713
2410	1.68764316	1.68765289
2460	1.71423640	1.71417012
2510	1.67999564	1.68003277
2560	1.68237094	1.68236250
2610	1.65673425	1.65674244
2660	1.63174976	1.63170190
2710	1.65590647	1.65593535
2760	1.61950769	1.61945085
2810	1.62887738	1.62895098
2860	1.54224195	1.54223725
2910	1.54317408	1.54317404
2960	1.56061047	1.56067060
3010	1.57607871	1.57605754
3060	1.55501586	1.55502431
3110	1.55047449	1.55052866
3160	1.54128262	1.54129123
3210	1.52903208	1.52906544
3260	1.51162344	1.51166539
3310	1.53088397	1.53092718
3360	1.50499735	1.50499152
3410	1.42222709	1.42225481
3460	1.48941677	1.48944332
3510	1.48259636	1.48262607
3560	1.43623138	1.43622513
3610	1.51351853	1.51356078
3660	1.48545182	1.48544721
3710	1.43503107	1.43502530
3760	1.41830706	1.41830055
3810	1.44406325	1.44406870
3860	1.42575632	1.42578874
3910	1.37536468	1.37534721
3960	1.32956476	1.32964896
4010	1.38818541	1.38825006
4060	1.39501990	1.39493653
4110	1.36848962	1.36843229
4160	1.32797803	1.32791825
4210	1.34834489	1.34834631
4260	1.33555779	1.33552038
4310	1.36421301	1.36419358
4360	1.33822605	1.33824551
4410	1.34338409	1.34334993
4460	1.32747798	1.32749889
4510	1.31573445	1.31577161
4560	1.29624925	1.29622254
4610	1.31231582	1.31232233
4660	1.29841376	1.29837515
4710	1.23746416	1.23743393
4760	1.27411501	1.27420311
4810	1.28479496	1.28480727
4860	1.27188164	1.27189795
4910	1.24099007	1.24095591
4960	1.27512245	1.27515670
5010	1.25947546	1.25941220
5060	1.28749173	1.28749934
5110	1.23845278	1.23844269
5160	1.23473935	1.23471392
5210	1.20806915	1.20787660
5260	1.25261542	1.25261364
5310	1.21361635	1.21362460
5360	1.22330845	1.22330526
5410	1.23150959	1.23148007
5460	1.19522306	1.19517830
5510	1.22278616	1.22277208
5560	1.20024111	1.20023734
5610	1.20062630	1.20061686
5660	1.18800553	1.18798185
5710	1.19062829	1.19058385
5760	1.17812398	1.17815511
5810	1.16340990	1.16337561
5860	1.15758465	1.15755033
5910	1.16951044	1.16943442
5960	1.16869275	1.16867628
6010	1.15517140	1.15513824
6060	1.11568096	1.11569617
6110	1.14309570	1.14310875
6160	1.13253048	1.13257563
6210	1.12464109	1.12465037
6260	1.13350808	1.13351607
6310	1.12458128	1.12478204
6360	1.11082036	1.11081833
6410	1.09752296	1.09754816
6460	1.08890391	1.08895786
6510	1.10690543	1.10692628
6560	1.09353351	1.09349030
6610	1.08704175	1.08697997
6660	1.13840216	1.13839813
6710	1.09521988	1.09522697
6760	1.08580061	1.08584531
6810	1.07923427	1.07920430
6860	1.08437217	1.08435087
6910	1.06923539	1.06921999
6960	1.06469424	1.06468200
7010	1.05158126	1.05154975
7060	1.06196969	1.06188823
7110	1.03832478	1.03831663
7160	0.99167320	0.99164133
7210	0.98740917	0.98741026
7260	1.03235810	1.03234641
7310	1.01681811	1.01658851
7360	1.01090551	1.01086719
7410	1.01614850	1.01606245
7460	0.99961128	0.99958689
7510	0.99419628	0.99411723
7560	1.01709574	1.01709590
7610	0.98502685	0.98503723
7660	1.00219423	1.00216368
7710	1.00486336	1.00485130
7760	1.00755053	1.00759896
7810	0.99699559	0.99705791
7860	0.95447469	0.95452442
7910	0.98064809	0.98059137
7960	0.97672455	0.97657544
8010	0.97283417	0.97285428
8060	0.96201050	0.96199517
8110	0.96451315	0.96446449
8160	0.95983199	0.95982013
8210	0.95617647	0.95617254
8260	0.96658487	0.96657376
8310	0.98228293	0.98222795
8360	0.92561678	0.92540631
8410	0.95582279	0.95581464
8460	0.93314443	0.93310940
8510	0.93135794	0.93133287
8560	0.94146233	0.94145040
8610	0.98047233	0.98046182
8660	0.93168744	0.93165757
8710	0.90575906	0.90576077
8760	0.92481912	0.92474265
8810	0.91295689	0.91283988
8860	0.92484652	0.92483820
8910	0.90332812	0.90329931
8960	0.90806065	0.90798566
9010	0.89488358	0.89488384
9060	0.90797345	0.90793175
9110	0.90592000	0.90586499
9160	0.88473114	0.88472128
9210	0.89400988	0.89404855
9260	0.86811753	0.86813203
9310	0.87527871	0.87534758
9360	0.85469422	0.85468230
9410	0.87887323	0.87891718
9460	0.88081028	0.88082530
9510	0.86843843	0.86847958
9560	0.86626748	0.86620883
9610	0.87115025	0.87118174
9660	0.86824794	0.86826734
9710	0.84808454	0.84804642
9760	0.84515204	0.84512491
9810	0.84868645	0.84871623
9860	0.84524375	0.84521965
9910	0.84103437	0.84099161
9960	0.85089072	0.85095108
10010	0.84648264	0.84641909
