2870000000	37.48700000	37.16500000
2870002000	36.86100000	36.80700000
2870004000	35.22100000	34.93500000
2870006000	35.55300000	35.78300000
2870008000	35.99100000	35.79100000
2870010000	37.85300000	37.95800000
2870012000	38.07300000	37.98600000
2870014000	37.50100000	37.56600000
2870016000	35.22600000	34.66900000
2870018000	36.48800000	37.15100000
2870020000	37.62800000	37.45600000
2870022000	38.36200000	38.35900000
2870024000	36.67900000	37.34300000
2870026000	38.00300000	37.59600000
2870028000	37.49500000	37.49000000
2870030000	34.87300000	34.39500000
2870032000	39.39500000	38.88200000
2870034000	37.84200000	37.77700000
2870036000	32.94600000	33.03100000
2870038000	32.20000000	31.98200000
2870040000	36.46300000	35.97500000
2870042000	35.28400000	34.68300000
2870044000	35.13200000	35.14400000
2870046000	35.75100000	35.79800000
2870048000	34.03000000	34.57000000
2870050000	35.01600000	35.00300000
2870052000	34.00900000	34.09500000
2870054000	32.53300000	32.63400000
2870056000	21.79000000	22.02000000
2870058000	20.19800000	20.30200000
2870060000	19.46000000	19.50700000
2870062000	21.75800000	21.77300000
2870064000	24.09800000	24.61000000
2870066000	27.33400000	27.40700000
2870068000	28.41000000	28.74000000
2870070000	32.49100000	32.27400000
2870072000	37.15000000	36.78200000
2870074000	40.08300000	40.55800000
2870076000	40.92400000	40.29200000
2870078000	40.33900000	40.31300000
2870080000	43.80900000	44.20300000
2870082000	41.63200000	41.41200000
2870084000	42.29600000	42.02700000
2870086000	34.91800000	34.65400000
2870088000	25.38300000	25.34600000
2870090000	20.02200000	20.16300000
2870092000	22.82700000	22.54800000
2870094000	26.63600000	27.02700000
2870096000	34.25700000	33.91700000
2870098000	38.11300000	38.36900000
2870100000	36.83000000	36.93700000
2870102000	37.92000000	38.17700000
2870104000	38.89400000	38.63900000
2870106000	39.70800000	39.64900000
2870108000	40.60000000	40.62300000
2870110000	42.68000000	42.70100000
2870112000	40.46100000	40.08200000
2870114000	42.98700000	43.06000000
2870116000	44.96000000	44.90300000
2870118000	43.97300000	43.77100000
2870120000	41.23700000	40.87000000
2870122000	41.73400000	41.77800000
2870124000	42.70300000	42.64200000
2870126000	42.10100000	42.11800000
2870128000	41.62600000	41.65300000
2870130000	44.70400000	44.63800000
2870132000	44.57900000	44.27600000
2870134000	37.43300000	37.54500000
2870136000	46.75800000	46.48200000
2870138000	43.22600000	42.76800000
2870140000	42.13900000	42.38300000
2870142000	39.60300000	39.22200000
2870144000	33.96900000	33.79900000
2870146000	40.63300000	40.38600000
2870148000	41.55600000	41.54000000
2870150000	39.63200000	39.84300000
2870152000	42.53900000	42.20100000
2870154000	44.58700000	44.53800000
2870156000	42.32500000	42.18700000
2870158000	42.97300000	42.84000000
2870160000	44.09800000	44.16300000
2870162000	40.17000000	40.44300000
2870164000	39.23400000	39.04700000
2870166000	42.11300000	42.03400000
2870168000	39.60200000	39.98800000
2870170000	44.39800000	43.87000000
2870172000	46.67900000	46.34400000
2870174000	44.10500000	44.32900000
2870176000	41.37300000	41.56600000
2870178000	42.61300000	42.45100000
2870180000	38.89800000	38.97600000
2870182000	45.08700000	45.04800000
2870184000	43.58100000	43.71900000
2870186000	43.61400000	44.03700000
2870188000	43.23900000	42.49300000
2870190000	41.23900000	41.26200000
2870192000	42.18700000	41.70100000
2870194000	42.60800000	42.46600000
2870196000	42.57300000	43.02400000
2870198000	44.15300000	44.23500000
2870200000	44.78600000	44.87800000
2870202000	44.71200000	44.65500000
2870204000	43.77900000	44.31600000
2870206000	43.68500000	43.45600000
2870208000	43.86900000	43.87200000
2870210000	41.35300000	41.22800000
2870212000	42.82800000	42.96300000
2870214000	41.58100000	41.39100000
2870216000	41.76000000	41.85400000
2870218000	40.53100000	40.06900000
2870220000	44.06900000	43.79600000
2870222000	43.34900000	43.66400000
2870224000	42.59900000	42.37500000
2870226000	43.50300000	43.90700000
2870228000	42.05700000	42.11200000
2870230000	39.45900000	39.45400000
2870232000	38.86100000	39.07900000
2870234000	45.04000000	45.13400000
2870236000	43.96300000	44.18700000
2870238000	43.40100000	43.98200000
2870240000	45.86900000	46.08300000
2870242000	42.63500000	42.97700000
2870244000	41.35000000	41.29300000
2870246000	39.60300000	39.34100000
2870248000	42.17700000	42.57200000
2870250000	42.20400000	42.18200000
2870252000	41.53000000	41.29200000
2870254000	42.86800000	43.08800000
2870256000	42.18000000	41.92600000
2870258000	44.22000000	44.10100000
2870260000	41.30800000	41.54600000
2870262000	45.23000000	45.14300000
2870264000	43.28000000	43.67600000
2870266000	43.70300000	43.27900000
2870268000	45.94100000	45.99600000
2870270000	41.65300000	41.84500000
2870272000	46.33000000	46.36300000
2870274000	40.59400000	40.55800000
2870276000	43.46800000	43.54700000
2870278000	42.78100000	42.54300000
2870280000	43.00000000	43.09000000
2870282000	42.74900000	42.78100000
2870284000	40.95300000	41.00300000
2870286000	37.69100000	37.69900000
2870288000	46.00600000	46.54500000
2870290000	44.84100000	44.43300000
2870292000	43.62100000	43.37800000
2870294000	41.34400000	41.22700000
2870296000	41.67600000	41.98100000
2870298000	39.26800000	39.36100000
2870300000	44.46100000	45.27200000
2870302000	45.89600000	45.69400000
2870304000	44.16600000	44.56700000
2870306000	44.10000000	44.34200000
2870308000	46.51000000	46.92300000
2870310000	45.19200000	45.20700000
2870312000	47.00900000	47.33400000
2870314000	46.34800000	46.33600000
2870316000	45.81300000	45.64700000
2870318000	40.99900000	41.26100000
2870320000	40.27800000	40.29300000
2870322000	44.59100000	44.64800000
2870324000	44.13200000	43.83900000
2870326000	43.51500000	43.79400000
2870328000	46.49400000	46.49200000
2870330000	47.45900000	47.28400000
2870332000	43.65600000	43.25800000
2870334000	47.38500000	47.06100000
2870336000	46.90300000	46.73100000
2870338000	49.32100000	49.27500000
2870340000	48.32600000	48.78200000
2870342000	45.98500000	46.12500000
2870344000	43.81100000	43.53900000
2870346000	45.79600000	46.00700000
2870348000	46.59300000	46.15300000
2870350000	42.17700000	42.39800000
2870352000	46.15900000	46.24900000
2870354000	46.22000000	46.24200000
2870356000	42.11400000	42.00300000
2870358000	45.71100000	45.92900000
2870360000	46.01700000	45.95400000
2870362000	46.52700000	46.94200000
2870364000	43.62600000	43.47300000
2870366000	48.40300000	48.22600000
2870368000	43.40700000	43.47300000
2870370000	44.26600000	43.97300000
2870372000	49.28500000	49.10000000
2870374000	47.72600000	47.62500000
2870376000	48.58900000	48.39900000
2870378000	51.60100000	51.27300000
2870380000	44.99100000	44.95600000
2870382000	47.92900000	47.71500000
2870384000	48.05500000	47.70000000
2870386000	46.12000000	45.99900000
2870388000	47.37700000	47.70300000
2870390000	45.22800000	45.64400000
2870392000	41.01200000	41.49100000
2870394000	34.40900000	34.47700000
2870396000	30.13700000	29.88600000
2870398000	25.92600000	26.31200000
2870400000	26.52500000	26.53600000
2870402000	23.05300000	22.72900000
2870404000	29.29800000	29.48000000
2870406000	33.98700000	34.17200000
2870408000	35.87300000	35.49900000
2870410000	41.08800000	41.30700000
2870412000	42.03500000	42.00700000
2870414000	41.36500000	41.09200000
2870416000	38.06000000	38.15700000
2870418000	35.42800000	35.04500000
2870420000	41.59600000	41.63100000
2870422000	45.41200000	44.88000000
2870424000	45.63600000	45.60500000
2870426000	46.53600000	46.12700000
2870428000	45.16200000	45.22200000
2870430000	47.00000000	47.08100000
2870432000	46.28000000	46.00700000
2870434000	45.35700000	46.02100000
2870436000	42.67800000	42.79300000
2870438000	49.28900000	48.58800000
2870440000	47.28900000	47.29100000
2870442000	47.75800000	48.40200000
2870444000	47.62600000	47.37600000
2870446000	45.08000000	45.29900000
2870448000	48.32800000	48.25200000
2870450000	42.95700000	42.87300000
2870452000	44.67100000	44.80800000
2870454000	44.88800000	44.66400000
2870456000	47.03600000	46.55200000
2870458000	46.54800000	46.46200000
2870460000	48.84900000	49.09000000
2870462000	49.65800000	49.08600000
2870464000	45.48800000	45.63700000
2870466000	49.34800000	49.22600000
2870468000	41.79200000	42.21100000
2870470000	48.02800000	47.92300000
2870472000	44.37100000	44.29300000
2870474000	46.57500000	46.16700000
2870476000	47.90600000	48.00500000
2870478000	42.99200000	43.72300000
2870480000	47.01700000	46.77600000
2870482000	42.51400000	42.65600000
2870484000	39.10200000	39.45500000
2870486000	38.38400000	38.83600000
2870488000	36.70100000	36.96000000
2870490000	30.89800000	31.06800000
2870492000	27.23000000	26.92100000
2870494000	32.32600000	32.65300000
2870496000	36.16200000	36.50900000
2870498000	42.86700000	42.95000000
2870500000	39.61400000	39.78600000
2870502000	41.67300000	42.16000000
2870504000	44.64200000	44.87900000
2870506000	42.19600000	42.19900000
2870508000	48.04600000	47.78000000
2870510000	48.35000000	47.58000000
2870512000	41.59000000	41.23200000
2870514000	43.76000000	43.45300000
2870516000	40.75000000	40.88200000
2870518000	36.73400000	36.76700000
2870520000	29.96800000	29.54200000
2870522000	25.02100000	24.73200000
2870524000	23.91400000	23.59300000
2870526000	25.20400000	25.57300000
2870528000	27.38500000	27.50300000
2870530000	30.93500000	30.42100000
2870532000	31.49200000	31.50200000
2870534000	36.43300000	36.48300000
2870536000	36.05200000	35.78300000
2870538000	41.23700000	41.33700000
2870540000	40.98300000	41.39600000
2870542000	41.81700000	42.70900000
2870544000	41.20300000	41.30600000
2870546000	40.43800000	40.55600000
2870548000	43.98900000	43.83900000
2870550000	43.81600000	43.39700000
2870552000	44.72900000	45.07000000
2870554000	43.47700000	43.41200000
2870556000	49.40000000	49.14300000
2870558000	46.65200000	46.68500000
2870560000	49.30900000	48.86000000
2870562000	45.75900000	46.76600000
2870564000	45.46400000	45.26800000
2870566000	51.20300000	51.06500000
2870568000	47.83200000	47.61200000
2870570000	46.26600000	46.65900000
2870572000	37.59400000	38.15300000
2870574000	45.83100000	46.17200000
2870576000	48.38700000	48.25200000
2870578000	46.98300000	46.33200000
2870580000	46.07400000	45.75100000
2870582000	49.81000000	49.87700000
2870584000	45.62400000	45.56200000
2870586000	47.96400000	48.10400000
2870588000	43.03100000	43.29200000
2870590000	46.29900000	46.57800000
2870592000	46.38900000	45.86200000
2870594000	47.26900000	46.74600000
2870596000	44.99700000	44.56100000
2870598000	42.95200000	42.42600000
2870600000	46.19400000	46.43400000
