2860000000	22.71500000	23.00000000
2860000300	22.67900000	22.56000000
2860000600	24.31700000	24.10500000
2860000900	22.79900000	23.30700000
2860001200	23.66000000	23.56900000
2860001500	23.95400000	24.02900000
2860001800	23.10400000	23.36700000
2860002100	23.71000000	23.72600000
2860002400	23.17100000	23.18400000
2860002700	22.95300000	22.83500000
2860003000	23.06700000	23.40100000
2860003300	23.22700000	23.62400000
2860003600	23.50400000	23.31700000
2860003900	23.27200000	23.20400000
2860004200	21.52000000	21.85500000
2860004500	22.45400000	22.29600000
2860004800	23.38400000	23.63200000
2860005100	23.43200000	23.60300000
2860005400	22.61500000	23.09800000
2860005700	22.16400000	22.09200000
2860006000	22.58100000	22.39400000
2860006300	23.09000000	22.96400000
2860006600	23.41500000	23.35200000
2860006900	24.65800000	24.75100000
2860007200	23.04600000	23.06600000
2860007500	22.45600000	22.22300000
2860007800	21.52600000	21.61100000
2860008100	22.62400000	22.77200000
2860008400	23.96600000	24.08400000
2860008700	25.03000000	24.95500000
2860009000	24.99800000	25.31700000
2860009300	25.73200000	25.38800000
2860009600	24.11300000	24.19700000
2860009900	25.41300000	25.03300000
2860010200	23.59700000	23.87700000
2860010500	22.06900000	22.02300000
2860010800	20.43400000	20.64600000
2860011100	18.75300000	18.70300000
2860011400	17.32500000	17.42500000
2860011700	19.88000000	19.53800000
2860012000	21.54300000	21.11000000
2860012300	20.12400000	20.22100000
2860012600	22.77300000	22.82100000
2860012900	23.42900000	23.58200000
2860013200	22.53300000	22.36800000
2860013500	22.18600000	21.64300000
2860013800	22.16400000	22.09700000
2860014100	23.02600000	23.09800000
2860014400	22.55700000	22.36400000
2860014700	22.36000000	22.17100000
2860015000	23.16300000	23.20000000
2860015300	21.10000000	21.29200000
2860015600	23.19400000	23.22600000
2860015900	21.08700000	21.52100000
2860016200	19.66500000	20.01400000
2860016500	18.94300000	18.85100000
2860016800	18.94300000	18.38500000
2860017100	18.24100000	17.86200000
2860017400	18.26600000	18.22100000
2860017700	20.21100000	20.30800000
2860018000	21.43200000	21.52700000
2860018300	20.66800000	20.63400000
2860018600	21.58900000	21.53700000
2860018900	22.51500000	22.60400000
2860019200	23.19000000	23.36300000
2860019500	23.38000000	23.34500000
2860019800	21.93000000	22.20300000
2860020100	22.65900000	22.63300000
2860020400	22.44100000	22.31200000
2860020700	20.86900000	21.09200000
2860021000	20.45900000	20.51600000
2860021300	22.35600000	22.16400000
2860021600	21.98300000	22.24200000
2860021900	22.07500000	21.95100000
2860022200	23.73700000	23.75300000
2860022500	23.69500000	23.64900000
2860022800	23.60000000	23.70200000
2860023100	24.41100000	24.13800000
2860023400	24.45700000	24.35300000
2860023700	24.49900000	24.47200000
2860024000	24.18800000	24.18400000
2860024300	24.01300000	24.05300000
2860024600	24.68300000	24.67900000
2860024900	24.87100000	24.86500000
2860025200	23.91900000	24.48200000
2860025500	24.34900000	24.59500000
2860025800	23.42000000	23.78200000
2860026100	25.26900000	25.13100000
2860026400	25.12700000	25.02800000
2860026700	27.01900000	26.61400000
2860027000	25.92500000	25.87800000
2860027300	25.91700000	25.84900000
2860027600	27.15400000	26.82700000
2860027900	26.87900000	26.81100000
2860028200	25.07700000	25.18600000
2860028500	24.76800000	24.58200000
2860028800	25.81200000	25.74000000
2860029100	25.14200000	25.28300000
2860029400	25.47700000	25.41600000
2860029700	25.42800000	26.07700000
2860030000	26.22000000	26.38500000
2860030300	26.20500000	26.24500000
2860030600	26.81200000	26.82800000
2860030900	24.81100000	24.85000000
2860031200	26.58500000	26.41700000
2860031500	26.00500000	26.03900000
2860031800	26.25200000	25.84500000
2860032100	25.16200000	25.72400000
2860032400	25.62800000	25.79700000
2860032700	25.85000000	25.70700000
2860033000	25.03400000	24.80600000
2860033300	25.38700000	25.33200000
2860033600	25.43000000	25.63300000
2860033900	25.73100000	26.18100000
2860034200	25.59700000	25.68700000
2860034500	23.50900000	23.51600000
2860034800	26.36900000	26.61900000
2860035100	26.83200000	26.69200000
2860035400	25.14000000	25.45400000
2860035700	25.51500000	25.66200000
2860036000	26.64100000	26.38000000
2860036300	29.08500000	29.09300000
2860036600	29.09700000	29.24300000
2860036900	27.31900000	26.75600000
2860037200	25.76300000	25.53600000
2860037500	26.56400000	26.87600000
2860037800	27.59700000	27.29200000
2860038100	27.88100000	27.56200000
2860038400	28.09200000	27.92600000
2860038700	26.88000000	27.12700000
2860039000	27.38800000	27.35800000
2860039300	30.15800000	29.96600000
2860039600	33.51100000	33.57400000
2860039900	35.14300000	34.59300000
2860040200	36.04700000	35.31800000
2860040500	29.92300000	29.49100000
2860040800	22.28900000	22.39800000
2860041100	18.25800000	18.09400000
2860041400	16.98100000	16.93200000
2860041700	18.70200000	18.89700000
2860042000	26.94800000	27.03400000
2860042300	28.90800000	28.78500000
2860042600	31.90500000	32.02100000
2860042900	31.78100000	31.82600000
2860043200	35.33600000	35.10300000
2860043500	36.05800000	35.75700000
2860043800	32.87700000	32.40500000
2860044100	32.26200000	32.08000000
2860044400	33.92800000	33.99700000
2860044700	34.90800000	34.41600000
2860045000	33.57600000	33.50900000
2860045300	34.35800000	34.19300000
2860045600	33.93900000	33.83900000
2860045900	34.37500000	34.39400000
2860046200	33.12800000	33.11600000
2860046500	34.57200000	34.66600000
2860046800	32.39400000	32.55500000
2860047100	31.96500000	31.96100000
2860047400	30.11600000	30.41100000
2860047700	33.15400000	33.33900000
2860048000	33.45600000	32.96200000
2860048300	36.93300000	37.08800000
2860048600	35.47700000	35.69100000
2860048900	37.59000000	37.97200000
2860049200	35.11400000	35.20400000
2860049500	35.85100000	35.83300000
2860049800	33.92500000	33.92900000
2860050100	35.49200000	35.37000000
2860050400	35.36000000	35.86600000
2860050700	34.99100000	34.72600000
2860051000	36.16200000	36.39600000
2860051300	36.39600000	36.62600000
2860051600	35.35200000	35.30100000
2860051900	36.10600000	35.95400000
2860052200	34.65800000	34.97700000
2860052500	35.07800000	35.22500000
2860052800	34.99200000	34.90000000
2860053100	32.62100000	32.43900000
2860053400	34.24000000	34.29300000
2860053700	33.83600000	33.76600000
2860054000	31.30200000	31.18000000
2860054300	30.53900000	30.45000000
2860054600	30.64400000	30.35600000
2860054900	33.07100000	32.62000000
2860055200	33.71800000	33.83100000
2860055500	32.80400000	32.71200000
2860055800	34.51000000	34.46600000
2860056100	34.79300000	34.67600000
2860056400	35.02900000	34.98700000
2860056700	34.76400000	34.81600000
2860057000	36.55200000	36.21400000
2860057300	36.13300000	35.98500000
2860057600	37.98200000	37.70800000
2860057900	35.60900000	35.61400000
2860058200	34.87600000	34.72100000
2860058500	34.33800000	34.51000000
2860058800	35.10900000	35.50100000
2860059100	35.02400000	34.82200000
2860059400	34.98900000	34.85200000
2860059700	35.32300000	35.39800000
2860060000	34.98700000	35.33500000
2860060300	36.02400000	35.95600000
2860060600	36.79000000	37.08700000
2860060900	38.58600000	38.98100000
2860061200	34.49800000	34.72300000
2860061500	35.72000000	35.79300000
2860061800	37.15700000	37.43500000
2860062100	36.54000000	36.68300000
2860062400	36.72700000	36.69400000
2860062700	36.21900000	36.26500000
2860063000	36.73100000	36.61700000
2860063300	36.59000000	37.07300000
2860063600	34.52100000	34.46700000
2860063900	34.92300000	35.18600000
2860064200	35.11400000	34.67300000
2860064500	38.27600000	37.64300000
2860064800	32.23600000	32.46900000
2860065100	34.25800000	34.20300000
2860065400	36.13700000	36.26500000
2860065700	37.54700000	37.59400000
2860066000	35.50600000	35.23000000
2860066300	33.53000000	33.90800000
2860066600	35.00600000	34.97000000
2860066900	36.83400000	36.51500000
2860067200	35.44800000	35.98000000
2860067500	36.31000000	36.41000000
2860067800	35.37800000	35.28200000
2860068100	34.16100000	34.56100000
2860068400	35.56800000	35.68400000
2860068700	35.20300000	35.37500000
2860069000	36.11700000	36.32900000
2860069300	34.90500000	34.57800000
2860069600	33.26300000	33.42100000
2860069900	36.75700000	36.36300000
2860070200	33.79400000	33.45000000
2860070500	36.09800000	35.98700000
2860070800	36.76800000	36.71000000
2860071100	37.93900000	37.80300000
2860071400	39.16200000	39.43000000
2860071700	35.92600000	35.79900000
2860072000	36.14500000	36.39600000
2860072300	35.22200000	35.14000000
2860072600	36.30100000	36.54300000
2860072900	35.75100000	35.79700000
2860073200	34.70100000	35.21000000
2860073500	34.53400000	34.57100000
2860073800	36.01300000	36.14500000
2860074100	36.31500000	36.72500000
2860074400	36.14400000	36.10300000
2860074700	33.49100000	33.48300000
2860075000	36.71900000	36.09500000
2860075300	37.89700000	38.04300000
2860075600	38.14200000	38.10400000
2860075900	33.13600000	33.29800000
2860076200	32.02600000	32.29100000
2860076500	37.00600000	36.77600000
2860076800	32.55100000	32.30700000
2860077100	30.34400000	30.37500000
2860077400	26.88500000	27.08400000
2860077700	24.91200000	24.51800000
2860078000	31.11400000	30.70200000
2860078300	33.12400000	33.42200000
2860078600	37.79700000	37.49700000
2860078900	38.08200000	38.06900000
2860079200	39.92500000	39.46900000
2860079500	40.92800000	40.71000000
2860079800	41.65400000	41.90100000
2860080100	40.95600000	41.45200000
2860080400	39.84400000	40.58100000
2860080700	41.41800000	40.95600000
2860081000	40.94100000	40.85200000
2860081300	42.99400000	43.12100000
2860081600	41.66200000	41.90400000
2860081900	42.54000000	42.47800000
2860082200	43.06500000	43.34200000
2860082500	41.73800000	41.69700000
2860082800	40.60100000	40.87600000
2860083100	39.81900000	39.96900000
2860083400	36.57400000	36.34800000
2860083700	36.36200000	36.18100000
2860084000	38.70900000	38.39800000
2860084300	39.29500000	39.28100000
2860084600	40.54500000	39.90500000
2860084900	40.54900000	40.88500000
2860085200	38.89700000	38.51500000
2860085500	41.26400000	41.75500000
2860085800	41.16000000	41.26700000
2860086100	47.15600000	47.76900000
2860086400	53.45000000	53.03600000
2860086700	50.30200000	49.92800000
2860087000	51.43100000	51.71000000
2860087300	53.82100000	53.65900000
2860087600	55.29700000	55.45900000
2860087900	53.72600000	53.93800000
2860088200	52.99100000	52.61400000
2860088500	54.99200000	54.65900000
2860088800	52.60100000	51.73300000
2860089100	49.77200000	50.04300000
2860089400	50.28900000	50.14800000
2860089700	46.27800000	46.29400000
2860090000	50.59200000	50.32200000
2860090300	51.49100000	51.67600000
2860090600	53.35600000	53.45800000
2860090900	52.83700000	52.94800000
2860091200	52.61300000	52.60200000
2860091500	51.56100000	51.75000000
2860091800	55.57700000	56.35900000
2860092100	55.41600000	55.54200000
2860092400	52.17400000	51.96900000
2860092700	55.65000000	55.68600000
2860093000	55.50100000	55.22800000
2860093300	52.54800000	52.13500000
2860093600	51.36900000	51.96800000
2860093900	60.62900000	60.24800000
2860094200	68.77900000	69.24400000
2860094500	74.48100000	73.91100000
2860094800	72.50500000	72.24100000
2860095100	76.85200000	76.53100000
2860095400	74.40400000	74.50100000
2860095700	75.78500000	75.95200000
2860096000	82.66900000	82.39300000
2860096300	76.42400000	76.60400000
2860096600	75.49500000	75.81100000
2860096900	75.89800000	76.31300000
2860097200	74.00800000	74.47000000
2860097500	78.07400000	78.23400000
2860097800	75.82700000	75.64700000
2860098100	81.03400000	81.15300000
2860098400	77.81300000	77.71500000
2860098700	81.75900000	81.86300000
2860099000	80.31100000	81.01000000
2860099300	80.57600000	80.56300000
2860099600	60.64900000	60.51000000
2860099900	78.79400000	79.28600000
2860100200	76.64400000	76.76300000
2860100500	76.06300000	76.30500000
2860100800	80.76600000	80.24700000
2860101100	80.91800000	80.47700000
2860101400	81.53400000	81.74200000
2860101700	78.39000000	78.20600000
2860102000	74.34200000	74.04700000
2860102300	78.54800000	78.87700000
2860102600	77.80200000	78.22800000
2860102900	81.20800000	80.67700000
2860103200	76.76400000	77.16800000
2860103500	81.66800000	81.91100000
2860103800	80.06100000	79.75300000
2860104100	73.11500000	73.35700000
2860104400	80.09400000	80.33200000
2860104700	81.69100000	81.82800000
2860105000	80.31200000	80.79600000
2860105300	79.89200000	80.00500000
2860105600	71.04400000	70.64900000
2860105900	81.77500000	81.83300000
2860106200	82.14600000	81.67500000
2860106500	84.31700000	83.93500000
2860106800	79.16900000	79.45500000
