5.118378898511839
5.11912296990002
5.119137956775395
5.119126742000062
5.119137956775395
5.11870637554283
5.116104591796052
5.118841101188588
5.1168134640021785
5.117077801174433
5.119137956775395
5.119137956775395
5.117286998588508
5.111379287218419
5.115098090323145
5.1169870586621995
5.118910232866332
5.11871397450922
5.118830581732906
5.116882088891357
5.116795571068594
5.1160808122769605
5.112306200571233
5.1191250004292455
5.118876245005396
5.117567344150868
5.119061647899058
4.968983584257247
4.153192499227846
4.120966333008606
4.118007594820422
4.161356934477343
4.113124045358472
5.119137956775395
5.119058828574569
5.119137956775395
5.119137956775395
5.119137956775395
5.119137956775395
5.119137113324082
5.114023673603716
5.118185060547368
5.119116073906996
5.113713618674166
5.119137956775395
5.119128553856095
5.108415585951202
5.1079749472423845
5.119025605997436
5.119106749085318
5.105713233804183
5.119137956775395
5.112382906519645
5.119137956775395
5.118966283267447
5.119137956775395
5.118986885357195
5.119127522972315
5.11815097943817
5.104224288180907
5.119137956775395
5.116248423046701
5.114234799496463
5.117956954771803
5.119137956775395
5.119021373110867
5.111255394176134
5.11900572240016
5.09557989578961
5.119137956775395
5.119051346869015
5.119137956775395
5.110849573844922
5.119137956775395
5.118938872763877
5.119120619169887
5.119131708989509
5.119137956775395
5.119130412573455
5.115803785220451
5.119137956775395
5.093744243667058
5.117134496655611
5.111609573911639
5.119110497769833
5.119137956775395
5.1166615423315625
5.0984460528991224
5.119137956775395
5.119121806249427
5.118521956763255
5.119137956775395
5.119137956775395
5.11908973948991
5.108244756115916
5.116016600142532
5.116619929957985
5.119137956775395
5.119132958546422
5.11749033922216
5.119137956775395
